{
 "cells": [
  {
   "cell_type": "code",
   "execution_count": 1,
   "metadata": {},
   "outputs": [
    {
     "name": "stdout",
     "output_type": "stream",
     "text": [
      "[[-2.25  1.    0.  ]\n",
      " [ 1.   -2.25  1.  ]\n",
      " [ 0.    1.   -2.25]]\n",
      "[ 0  0 -5]\n",
      "\n",
      "\n",
      "[[-0.58956916 -0.32653061 -0.14512472]\n",
      " [-0.32653061 -0.73469388 -0.32653061]\n",
      " [-0.14512472 -0.32653061 -0.58956916]]\n",
      "\n",
      "\n",
      "[0.72562358 1.63265306 2.9478458 ]\n",
      "\n",
      "\n",
      "0.012643852060146947\n",
      "0.012614407619695017\n",
      "0.01257063674312394\n",
      "\n",
      "\n",
      "\n",
      "\n",
      "[[-2.033  1.     0.     0.     0.     0.     0.     0.     0.     0.   ]\n",
      " [ 1.    -2.033  1.     0.     0.     0.     0.     0.     0.     0.   ]\n",
      " [ 0.     1.    -2.033  1.     0.     0.     0.     0.     0.     0.   ]\n",
      " [ 0.     0.     1.    -2.033  1.     0.     0.     0.     0.     0.   ]\n",
      " [ 0.     0.     0.     1.    -2.033  1.     0.     0.     0.     0.   ]\n",
      " [ 0.     0.     0.     0.     1.    -2.033  1.     0.     0.     0.   ]\n",
      " [ 0.     0.     0.     0.     0.     1.    -2.033  1.     0.     0.   ]\n",
      " [ 0.     0.     0.     0.     0.     0.     1.    -2.033  1.     0.   ]\n",
      " [ 0.     0.     0.     0.     0.     0.     0.     1.    -2.033  1.   ]\n",
      " [ 0.     0.     0.     0.     0.     0.     0.     0.     1.    -2.033]]\n",
      "\n",
      "\n",
      "[ 0  0  0  0  0  0  0  0  0 -5]\n",
      "\n",
      "\n",
      "[[-0.82722419 -0.68174677 -0.558767   -0.45422654 -0.36467555 -0.28715886\n",
      "  -0.21911841 -0.15830887 -0.10272352 -0.05052805]\n",
      " [-0.68174677 -1.38599119 -1.13597331 -0.92344255 -0.7413854  -0.58379396\n",
      "  -0.44546773 -0.32184193 -0.20883692 -0.10272352]\n",
      " [-0.558767   -1.13597331 -1.75066674 -1.42313217 -1.14256096 -0.89969427\n",
      "  -0.68651749 -0.49599578 -0.32184193 -0.15830887]\n",
      " [-0.45422654 -0.92344255 -1.42313217 -1.96978515 -1.58144104 -1.24528448\n",
      "  -0.95022232 -0.68651749 -0.44546773 -0.21911841]\n",
      " [-0.36467555 -0.7413854  -1.14256096 -1.58144104 -2.07250867 -1.63196909\n",
      "  -1.24528448 -0.89969427 -0.58379396 -0.28715886]\n",
      " [-0.28715886 -0.58379396 -0.89969427 -1.24528448 -1.63196909 -2.07250867\n",
      "  -1.58144104 -1.14256096 -0.7413854  -0.36467555]\n",
      " [-0.21911841 -0.44546773 -0.68651749 -0.95022232 -1.24528448 -1.58144104\n",
      "  -1.96978515 -1.42313217 -0.92344255 -0.45422654]\n",
      " [-0.15830887 -0.32184193 -0.49599578 -0.68651749 -0.89969427 -1.14256096\n",
      "  -1.42313217 -1.75066674 -1.13597331 -0.558767  ]\n",
      " [-0.10272352 -0.20883692 -0.32184193 -0.44546773 -0.58379396 -0.7413854\n",
      "  -0.92344255 -1.13597331 -1.38599119 -0.68174677]\n",
      " [-0.05052805 -0.10272352 -0.15830887 -0.21911841 -0.28715886 -0.36467555\n",
      "  -0.45422654 -0.558767   -0.68174677 -0.82722419]]\n",
      "\n",
      "\n",
      "[0.25264024 0.5136176  0.79154435 1.09559206 1.43579431 1.82337777\n",
      " 2.27113269 2.793835   3.40873386 4.13612093]\n"
     ]
    }
   ],
   "source": [
    "# A manual implementation of a finite difference method\n",
    "# Theo Wecker 2019 @ CSU\n",
    "import numpy as np\n",
    "import scipy.linalg as linalg\n",
    "\n",
    "#define the exact function of the solution\n",
    "def f(x):\n",
    "    c = np.sinh(10)\n",
    "    return (c*np.sinh(2*x))\n",
    "\n",
    "\n",
    "#defining the system of equations\n",
    "A = np.array([[-2.25, 1, 0],\n",
    " [1, -2.25, 1],\n",
    " [0, 1, -2.25]])\n",
    "\n",
    "#constants vector\n",
    "B = np.array([0, 0, -5])\n",
    "\n",
    "#inversion of the system of equations\n",
    "Ain = np.linalg.inv(A)\n",
    "\n",
    "#solving for the y-vector\n",
    "y = Ain @ B\n",
    "\n",
    "print(A)\n",
    "print(B)\n",
    "print('\\n')\n",
    "print(Ain)\n",
    "print('\\n')\n",
    "print(y)\n",
    "\n",
    "#percent error\n",
    "\n",
    "percent_y1 = y[0]/f(.25)*100\n",
    "print('\\n')\n",
    "print(percent_y1)\n",
    "\n",
    "percent_y2 = y[1]/f(.5)*100\n",
    "print(percent_y2)\n",
    "\n",
    "percent_y3 = y[2]/f(.75)*100\n",
    "print(percent_y3)\n",
    "print('\\n\\n\\n')\n",
    "\n",
    "###   PART 2 w/ 10 interior points   ###\n",
    "\n",
    "#defining the system of equations\n",
    "A2 = np.array([\n",
    " [-2.033, 1, 0, 0, 0, 0, 0, 0, 0, 0],\n",
    " [1, -2.033, 1, 0, 0, 0, 0, 0, 0, 0],\n",
    " [0, 1, -2.033, 1, 0, 0, 0, 0, 0, 0],\n",
    " [0, 0, 1, -2.033, 1, 0, 0, 0, 0, 0],\n",
    " [0, 0, 0, 1, -2.033, 1, 0, 0, 0, 0],\n",
    " [0, 0, 0, 0, 1, -2.033, 1, 0, 0, 0],\n",
    " [0, 0, 0, 0, 0, 1, -2.033, 1, 0, 0],\n",
    " [0, 0, 0, 0, 0, 0, 1, -2.033, 1, 0],\n",
    " [0, 0, 0, 0, 0, 0, 0, 1, -2.033, 1],\n",
    " [0, 0, 0, 0, 0, 0, 0, 0, 1, -2.033]\n",
    "               ])\n",
    "\n",
    "#constants vector\n",
    "B2 = np.array([0, 0, 0, 0, 0, 0, 0, 0, 0, -5])\n",
    "\n",
    "#inversion of the system of equations\n",
    "Ain2 = np.linalg.inv(A2)\n",
    "\n",
    "#solving for the y-vector\n",
    "y2 = Ain2 @ B2\n",
    "\n",
    "print(A2)\n",
    "print('\\n')\n",
    "print(B2)\n",
    "print('\\n')\n",
    "print(Ain2)\n",
    "print('\\n')\n",
    "print(y2)"
   ]
  },
  {
   "cell_type": "code",
   "execution_count": null,
   "metadata": {},
   "outputs": [],
   "source": []
  }
 ],
 "metadata": {
  "kernelspec": {
   "display_name": "Python 3",
   "language": "python",
   "name": "python3"
  },
  "language_info": {
   "codemirror_mode": {
    "name": "ipython",
    "version": 3
   },
   "file_extension": ".py",
   "mimetype": "text/x-python",
   "name": "python",
   "nbconvert_exporter": "python",
   "pygments_lexer": "ipython3",
   "version": "3.7.1"
  }
 },
 "nbformat": 4,
 "nbformat_minor": 2
}
